,FIPS,2013 Rural-urban Continuum Code,Population_2010,Civilian_labor_force_2020,Unemployment_rate_2020,Median_Household_Income_2019,Med_HH_Income_Percent_of_State_Total_2019,Cluster,State,Brewery_Count
91,4013,1.0,3817117,2331628,7.4,68634,110.7,1,AZ,55.0
174,6001,1.0,1510271,813807,8.8,107589,133.8,1,CA,34.0
192,6037,1.0,9818605,4921499,12.8,72721,90.4,1,CA,122.0
203,6059,1.0,3010232,1553301,8.8,95761,119.1,1,CA,67.0
206,6065,1.0,2189641,1107723,9.9,72905,90.7,1,CA,35.0
209,6071,1.0,2035210,966206,9.4,67398,83.8,1,CA,28.0
210,6073,1.0,3095313,1538361,9.2,83576,103.9,1,CA,157.0
216,6085,1.0,1781642,1020693,7.0,132444,164.7,1,CA,21.0
312,12011,1.0,1748066,1020586,8.8,61429,103.8,1,FL,16.0
349,12086,1.0,2496435,1291854,8.0,54991,92.9,1,FL,22.0
596,17031,1.0,5194675,2539907,11.1,69375,100.2,1,IL,106.0
1211,25017,1.0,1503085,882398,7.3,106543,124.3,1,MA,29.0
1298,26163,1.0,1820584,796974,13.8,50753,85.3,1,MI,27.0
1734,32003,1.0,1951269,1123582,14.7,62131,98.2,1,NV,23.0
1836,36047,1.0,2504700,1151130,12.5,66501,92.3,1,NY,27.0
1843,36061,1.0,1585873,859618,9.5,93007,129.1,1,NY,4.0
1853,36081,1.0,2230722,1098937,12.5,72975,101.3,1,NY,12.0
1864,36103,1.0,1493350,764564,8.5,105241,146.1,1,NY,41.0
2279,42101,1.0,1526006,723938,12.4,47598,75.0,1,PA,31.0
2521,48029,1.0,1714773,942127,7.5,58956,92.1,1,TX,20.0
2563,48113,1.0,2368139,1355033,7.7,61807,96.5,1,TX,30.0
2607,48201,1.0,4092459,2292759,8.9,61638,96.2,1,TX,38.0
2726,48439,1.0,1809034,1082822,7.3,70130,109.5,1,TX,22.0
2950,53033,1.0,1931249,1286608,7.5,102338,130.1,1,WA,134.0
